4294967279,94
4294967279,93
4294967279,92
4294967279,91
4294967279,90
4294967279,89
4294967278,313
4294967279,326
4294967278,209
4294967279,210
4294967279,103
4294967279,102
4294967279,101
4294967279,100
4294967279,99
4294967279,98
4294967279,97
4294967279,95
4294967278,312
4294967279,325
4294967279,96
4294967278,311
4294967278,206
4294967279,122
4294967279,121
4294967279,120
4294967279,119
4294967279,118
4294967279,117
4294967279,116
4294967279,115
4294967279,114
4294967279,113
4294967279,112
4294967279,111
4294967279,110
4294967279,109
4294967279,108
4294967279,107
4294967279,106
4294967279,105
4294967279,104
4294967278,204
4294967278,310
4294967279,324
4294967278,309
4294967279,323
4294967278,308
4294967278,200
4294967294,38
4294967294,37
4294967294,430
4294967294,187
4294967279,322
4294967278,199
4294967278,307
4294967278,198
4294967278,197
4294967278,194
4294967278,196
12,5
12,4
4294967278,195
12,3
12,2
12,1
4294967278,306
4294967294,40
4294967278,193
4294967278,192
4294967279,321
4294967278,191
4294967294,390
4294967278,190
4294967294,89
4294967278,189
10,4
10,3
10,2
10,1
4294967279,320
4294967278,188
4294967294,409
4294967294,396
4294967294,399
4294967294,178
4294967294,422
4294967294,1080
4294967294,407
4294967294,385
4294967294,1030
4294967294,421
4294967294,1044
4294967294,455
4294967294,453
4294967294,397
4294967294,108
4294967294,454
4294967278,305
4294967279,319
4294967279,318
4294967278,304
4294967278,185
4294967278,184
4294967279,127
4294967279,126
4294967279,125
4294967279,124
4294967279,123
4294967278,183
4294967278,182
9,4
9,3
9,2
9,1
4294967279,317
4294967278,181
4294967279,130
4294967279,129
4294967279,128
4294967278,303
4294967279,316
4294967279,315
4294967278,302
4294967278,4
4294967279,132
4294967279,131
4294967278,301
4294967279,314
4294967278,300
4294967279,313
4294967278,299
4294967278,175
4294967278,10
4294967278,9
4294967278,8
4294967278,7
4294967278,6
4294967278,5
4294967278,173
4294967278,172
4294967278,171
8,4
8,3
8,2
8,1
4294967279,312
4294967278,170
4294967294,468
4294967278,298
4294967279,311
4294967279,310
4294967278,297
4294967278,18
4294967278,17
4294967278,16
4294967278,15
4294967278,14
4294967278,13
4294967278,12
4294967278,11
4294967278,296
4294967294,61
4294967294,191
4294967294,384
4294967294,190
4294967294,394
4294967294,406
4294967294,402
4294967294,403
7,4
4294967278,36
4294967278,35
4294967278,34
4294967278,33
4294967278,32
4294967278,31
4294967278,30
4294967278,29
4294967278,28
4294967278,27
4294967278,26
4294967278,25
4294967278,24
4294967278,23
4294967278,22
4294967278,21
4294967278,20
4294967278,19
4294967279,309
4294967294,50
4294967294,180
4294967294,36
4294967294,115
4294967294,387
4294967294,388
4294967294,165
4294967294,113
4294967294,167
4294967294,175
4294967294,183
4294967294,177
4294967294,176
4294967294,18
4294967294,127
4294967294,14
4294967294,126
4294967294,20
4294967294,166
4294967294,24
4294967294,13
4294967294,104
4294967294,106
4294967294,160
4294967294,119
4294967294,168
4294967294,162
4294967294,415
4294967294,423
4294967278,166
4294967279,308
4294967278,295
4294967279,307
4294967279,306
4294967278,294
4294967279,305
4294967278,293
4294967279,304
4294967278,159
4294967278,158
7,5
4294967278,157
7,3
7,2
7,1
4294967279,303
4294967278,156
4294967279,22
4294967279,21
4294967279,19
4294967279,17
4294967279,16
4294967279,14
4294967279,13
4294967279,11
4294967278,155
4294967279,302
4294967278,292
4294967279,301
4294967294,99
4294967294,76
4294967294,41
4294967279,300
4294967294,1035
4294967294,186
4294967294,107
4294967294,43
4294967294,92
4294967294,90
4294967294,88
4294967294,86
4294967294,85
4294967294,414
4294967294,1082
4294967294,1052
4294967294,53
4294967294,51
4294967294,44
4294967294,392
4294967294,393
4294967294,45
4294967294,46
4294967294,389
4294967294,114
4294967294,120
4294967294,2
4294967294,82
4294967279,299
4294967278,260
4294967294,7
4294967279,298
4294967294,22
